HG995320.1	0	100000	10	3.4
HG995320.1	4700000	4800000	10	2.6
HG995320.1	18000000	18030000	3	4.038
HG995321.1	0	100000	10	2.3
HG995321.1	700000	800000	10	5.2
HG995321.1	2600000	2700000	10	4.2
HG995321.1	4000000	4100000	10	3.925
HG995321.1	4600000	4700000	10	6.1552999999999995
HG995321.1	6000000	6100000	10	1.0
HG995321.1	10100000	10200000	10	7.9
HG995321.1	12300000	12400000	10	4.0
HG995321.1	16050000	16100000	5	0.0
HG995322.1	0	230000	23	0.0
HG995322.1	240000	530000	29	0.034482758620689655
HG995322.1	540000	600000	6	5.0
HG995322.1	3200000	3300000	10	2.0
HG995322.1	5200000	5300000	10	1.6
HG995323.1	3200000	3300000	10	0.0
HG995323.1	6400000	6500000	10	4.0
HG995323.1	8900000	9000000	10	5.7164
HG995323.1	10100000	10260000	16	1.5625
HG995323.1	13000000	13100000	10	7.5
HG995324.1	2140000	3040000	90	2.790877777777778
HG995324.1	3060000	3200000	14	1.0811428571428572
HG995325.1	0	100000	10	3.3
HG995325.1	1400000	1500000	10	6.4
HG995325.1	8400000	8500000	10	0.3
HG995325.1	13100000	13290000	19	5.157894736842105
HG995326.1	3100000	3170000	7	3.142857142857143
HG995326.1	3180000	3200000	2	0.0
HG995326.1	7050000	7100000	5	0.0
HG995326.1	12800000	13030000	23	3.623521739130435
HG995327.1	4500000	4550000	5	7.4
HG995327.1	4560000	4600000	4	0.0
HG995327.1	12400000	12500000	10	8.0
HG995328.1	0	100000	10	4.6
HG995328.1	1380000	1400000	2	6.0
HG995328.1	1510000	1600000	9	5.888888888888889
HG995328.1	5010000	5100000	9	4.222222222222222
HG995328.1	5500000	5520000	2	0.0
HG995328.1	5540000	5600000	6	7.0015
HG995328.1	12600000	12690000	9	1.7777777777777777
HG995329.1	200000	220000	2	2.5
HG995329.1	230000	270000	4	4.250500000000001
HG995329.1	280000	370000	9	0.2222222222222222
HG995329.1	380000	500000	12	2.172083333333333
HG995329.1	900000	1000000	10	7.0
HG995329.1	1900000	2100000	20	4.4331
HG995329.1	4300000	4400000	10	6.8
HG995329.1	5100000	5200000	10	5.0325
HG995329.1	5210000	5300000	9	2.7794444444444446
HG995329.1	8000000	8200000	20	1.00695
HG995329.1	8300000	8400000	10	5.2
HG995329.1	11800000	11900000	10	1.2
HG995329.1	12600000	12630000	3	0.0
HG995330.1	10000	100000	9	0.0
HG995330.1	12320000	12360000	4	0.0
HG995331.1	0	100000	10	6.9
HG995331.1	2700000	2800000	10	5.6
HG995331.1	4900000	5000000	10	4.9
HG995331.1	9200000	9300000	10	6.0005
HG995332.1	0	100000	10	4.1318
HG995332.1	3000000	3020000	2	1.0
HG995332.1	3030000	3060000	3	0.0
HG995332.1	4200000	4300000	10	6.0
HG995332.1	12000000	12190000	19	2.2633684210526317
HG995333.1	1800000	1810000	1	0.0
HG995333.1	1820000	1830000	1	0.0
HG995333.1	1860000	1900000	4	4.25
HG995333.1	4900000	5000000	10	4.3665
HG995333.1	10300000	10400000	10	3.1
HG995334.1	0	100000	10	6.3
HG995334.1	900000	1000000	10	8.1
HG995334.1	1500000	1510000	1	1.233
HG995334.1	1520000	1600000	8	7.375
HG995334.1	3200000	3300000	10	3.4001
HG995334.1	6500000	6600000	10	2.4
HG995334.1	11300000	11400000	10	7.3
HG995334.1	11900000	12010000	11	3.727272727272727
HG995335.1	0	100000	10	3.0
HG995335.1	1200000	1300000	10	7.5
HG995335.1	2200000	2300000	10	7.6
HG995335.1	3000000	3100000	10	0.9
HG995335.1	3500000	3510000	1	0.0
HG995335.1	3540000	3610000	7	0.0
HG995335.1	3620000	3630000	1	0.0
HG995335.1	3660000	3700000	4	0.0
HG995335.1	4200000	4300000	10	5.8
HG995336.1	0	60000	6	0.37316666666666665
HG995336.1	70000	200000	13	2.3076923076923075
HG995336.1	5900000	6000000	10	4.0106
HG995336.1	10600000	10700000	10	5.5
HG995336.1	11400000	11430000	3	4.666666666666667
HG995337.1	4200000	4300000	10	3.8151
HG995337.1	9800000	9900000	10	7.3
HG995337.1	10800000	10900000	10	5.5
HG995338.1	0	900000	90	0.5444444444444444
HG995338.1	2100000	2200000	10	7.7
HG995338.1	9000000	9070000	7	5.647857142857143
HG995338.1	11100000	11110000	1	0.0
HG995339.1	0	200000	20	3.7509
HG995339.1	800000	900000	10	5.755
HG995339.1	11000000	11090000	9	8.11111111111111
HG995340.1	10000	100000	9	3.3333333333333335
HG995340.1	1300000	1400000	10	7.6
HG995340.1	10700000	11030000	33	4.515151515151516
HG995341.1	5100000	5230000	13	4.461538461538462
HG995341.1	5240000	5300000	6	2.1666666666666665
HG995341.1	6620000	6700000	8	3.366875
HG995341.1	10000000	10100000	10	6.7291
HG995341.1	10700000	10810000	11	5.0
HG995342.1	0	200000	20	5.00025
HG995342.1	3300000	3380000	8	7.5166249999999994
HG995342.1	3390000	3400000	1	3.0
HG995343.1	0	100000	10	4.1
HG995343.1	1000000	1100000	10	7.9
HG995343.1	2200000	2300000	10	4.8
HG995343.1	10600000	10700000	10	4.8
HG995344.1	0	100000	10	1.1
HG995345.1	0	100000	10	4.9
HG995345.1	2370000	2400000	3	0.0
HG995345.1	9800000	9960000	16	4.625
HG995345.1	9970000	10160000	19	0.0
HG995346.1	4900000	4980000	8	2.125
HG995346.1	4990000	5030000	4	0.75
HG995346.1	5040000	5100000	6	2.8333333333333335
HG995346.1	6900000	7000000	10	4.7
HG995346.1	9700000	9800000	10	3.5
HG995346.1	9900000	10080000	18	4.3983888888888885
HG995347.1	0	100000	10	3.0074
HG995347.1	5900000	6000000	10	7.5
HG995347.1	9900000	10080000	18	1.1666666666666667
HG995348.1	0	100000	10	4.2563
HG995348.1	3900000	3970000	7	3.4285714285714284
HG995348.1	3980000	4000000	2	7.5
HG995348.1	9800000	9910000	11	3.6363636363636362
HG995348.1	9920000	10040000	12	2.537333333333333
HG995349.1	1100000	1200000	10	2.8
HG995349.1	5830000	5850000	2	0.0
HG995349.1	5870000	5880000	1	0.0
HG995349.1	7600000	7800000	20	5.55
HG995349.1	8800000	9000000	20	4.95
HG995350.1	3700000	3800000	10	1.3
HG995350.1	4400000	4500000	10	3.9047
HG995350.1	6100000	6190000	9	2.2222222222222223
HG995350.1	6210000	6250000	4	0.0
HG995350.1	6270000	6300000	3	2.0
HG995350.1	9700000	9850000	15	5.6762
HG995351.1	0	100000	10	5.101
HG995351.1	3600000	3800000	20	4.2
HG995351.1	9700000	9830000	13	4.538461538461538
HG995352.1	3300000	3320000	2	2.0
HG995352.1	3330000	3360000	3	0.0
HG995352.1	3380000	3400000	2	0.0
HG995352.1	3500000	3510000	1	0.0
HG995352.1	3520000	3540000	2	0.0
HG995352.1	3580000	3600000	2	0.0
HG995352.1	9500000	9520000	2	0.0
HG995353.1	8200000	8300000	10	7.9596
HG995353.1	9400000	9460000	6	5.4863333333333335
HG995354.1	0	100000	10	4.4001
HG995354.1	9300000	9370000	7	4.857142857142857
HG995355.1	80000	100000	2	2.5
HG995355.1	700000	800000	10	3.1
HG995355.1	4200000	4300000	10	7.8
HG995356.1	0	100000	10	1.1
HG995357.1	1900000	2000000	10	6.0431
HG995357.1	3500000	3600000	10	0.0
HG995357.1	3800000	3900000	10	5.4
HG995357.1	8900000	8990000	9	2.2222222222222223
HG995358.1	3700000	3800000	10	1.6
HG995358.1	7000000	7100000	10	5.3
HG995359.1	0	100000	10	2.3054
HG995359.1	800000	830000	3	3.3333333333333335
HG995359.1	850000	860000	1	0.0
HG995359.1	880000	900000	2	0.0
HG995359.1	8900000	8940000	4	0.75
HG995360.1	0	100000	10	3.2
HG995360.1	1000000	1100000	10	5.1
HG995360.1	3700000	3800000	10	7.7
HG995360.1	5100000	5140000	4	3.5
HG995360.1	5150000	5200000	5	0.0
HG995361.1	0	100000	10	3.6
HG995361.1	6100000	6300000	20	3.5
HG995361.1	7600000	7700000	10	1.4
HG995361.1	8400000	8590000	19	3.679105263157895
HG995362.1	0	70000	7	2.2857142857142856
HG995362.1	80000	100000	2	1.5
HG995362.1	3200000	3260000	6	1.0
HG995362.1	3270000	3300000	3	0.0
HG995362.1	4800000	4900000	10	2.8198
HG995362.1	8400000	8410000	1	0.0
HG995363.1	2100000	2200000	10	7.3
