OY751431.1	0	800000	80	0.0125
OY751431.1	1700000	1800000	10	0.3
OY751431.1	2500000	2600000	10	1.0
OY751431.1	2700000	2800000	10	1.7
OY751431.1	3200000	3700000	50	0.02
OY751431.1	4300000	4400000	10	0.7
OY751431.1	5130000	5200000	7	0.14285714285714285
OY751431.1	7100000	7200000	10	1.9
OY751431.1	8100000	8300000	20	0.65
OY751431.1	8600000	9100000	50	0.4
OY751431.1	9200000	9400000	20	0.95
OY751431.1	9800000	9900000	10	0.5
OY751431.1	10200000	10300000	10	0.7
OY751431.1	10400000	10600000	20	0.1
OY751431.1	10900000	11000000	10	0.8
OY751431.1	11600000	12100000	50	0.18
OY751431.1	12110000	15000000	289	0.09688581314878893
OY751431.1	15100000	15200000	10	0.2
OY751431.1	17200000	20020000	282	0.031914893617021274
OY751431.1	20030000	20040000	1	0.0
OY751431.1	20050000	20070000	2	1.5925
OY751431.1	20140000	20400000	26	0.038461538461538464
OY751431.1	20800000	21000000	20	0.15
OY751431.1	21400000	22600000	120	0.025
OY751431.1	23000000	23200000	20	0.3
OY751431.1	23900000	24000000	10	1.3
OY751431.1	24700000	24800000	10	0.9006
OY751431.1	26000000	26200000	20	0.7
OY751431.1	29100000	29300000	20	0.45
OY751431.1	30300000	30400000	10	0.2
OY751431.1	31000000	31100000	10	1.2
OY751431.1	31900000	32100000	20	1.6
OY751431.1	32300000	32400000	10	2.1
OY751431.1	32500000	32600000	10	2.3
OY751431.1	34300000	34500000	20	0.6
OY751431.1	34600000	34700000	10	0.1
OY751431.1	34900000	35100000	20	0.7
OY751431.1	36700000	36800000	10	1.3621
OY751431.1	37100000	37400000	30	0.8
OY751431.1	37800000	37900000	10	0.8
OY751431.1	40700000	41000000	30	0.4666666666666667
OY751431.1	44400000	44700000	30	0.7666666666666667
OY751431.1	47000000	47100000	10	2.1
OY751431.1	47800000	48130000	33	0.6060606060606061
OY751432.1	0	50000	5	0.0
OY751432.1	90000	110000	2	1.495
OY751432.1	130000	150000	2	0.0
OY751432.1	170000	180000	1	0.0
OY751432.1	190000	250000	6	0.216
OY751432.1	270000	280000	1	0.0
OY751432.1	300000	320000	2	0.0
OY751432.1	350000	360000	1	0.0
OY751432.1	410000	420000	1	0.0
OY751432.1	440000	480000	4	0.0
OY751432.1	500000	530000	3	0.0
OY751432.1	540000	550000	1	0.0
OY751432.1	590000	610000	2	0.5
OY751432.1	630000	670000	4	0.0
OY751432.1	680000	690000	1	0.0
OY751432.1	700000	770000	7	0.0
OY751432.1	780000	800000	2	0.0
OY751432.1	820000	830000	1	0.0
OY751432.1	900000	960000	6	0.0
OY751432.1	970000	1020000	5	0.0
OY751432.1	1040000	1050000	1	0.0
OY751432.1	1080000	1150000	7	0.0
OY751432.1	1180000	1190000	1	0.0
OY751432.1	1200000	1280000	8	0.125
OY751432.1	1290000	1300000	1	0.0
OY751432.1	1310000	1400000	9	0.0
OY751432.1	1420000	1440000	2	0.0
OY751432.1	1460000	1480000	2	0.0
OY751432.1	1490000	1620000	13	0.0
OY751432.1	1660000	1700000	4	0.0
OY751432.1	1740000	1780000	4	0.0
OY751432.1	1860000	1890000	3	0.0
OY751432.1	1920000	1950000	3	0.0
OY751432.1	1990000	2000000	1	0.0
OY751432.1	2030000	2050000	2	0.0
OY751432.1	2070000	2090000	2	0.0
OY751432.1	2100000	2110000	1	0.0
OY751432.1	2130000	2140000	1	0.0
OY751432.1	2170000	2220000	5	0.0
OY751432.1	2270000	2330000	6	0.0
OY751432.1	2350000	2360000	1	0.0
OY751432.1	2390000	2400000	1	0.0
OY751432.1	2420000	2530000	11	0.0
OY751432.1	2550000	2560000	1	0.0
OY751432.1	2580000	2610000	3	0.0
OY751432.1	2630000	2710000	8	0.0
OY751432.1	2730000	2740000	1	0.0
OY751432.1	2750000	2790000	4	0.0
OY751432.1	2810000	2910000	10	0.0
OY751432.1	2920000	2960000	4	0.0
OY751432.1	2970000	2980000	1	0.0
OY751432.1	2990000	3000000	1	0.0
OY751432.1	3020000	3110000	9	0.0
OY751432.1	3130000	3160000	3	0.0
OY751432.1	3170000	3180000	1	0.0
OY751432.1	3200000	3230000	3	0.0
OY751432.1	3240000	3400000	16	0.0
OY751432.1	3410000	3580000	17	0.0
OY751432.1	3590000	3650000	6	0.0
OY751432.1	3660000	4100000	44	0.11363636363636363
OY751432.1	4300000	4400000	10	0.6
OY751432.1	4800000	4810000	1	1.0
OY751432.1	4820000	4900000	8	0.375
OY751432.1	5500000	5700000	20	0.35
OY751432.1	5900000	6670000	77	0.2077922077922078
OY751432.1	6680000	6700000	2	0.0
OY751432.1	6730000	7290000	56	0.25073214285714285
OY751432.1	7340000	7360000	2	0.0
OY751432.1	7630000	7640000	1	0.0
OY751432.1	7680000	7690000	1	0.0
OY751432.1	7700000	7740000	4	0.0
OY751432.1	7750000	7790000	4	0.0
OY751432.1	7810000	7820000	1	0.0
OY751432.1	7890000	7910000	2	0.0
OY751432.1	7950000	7980000	3	0.0
OY751432.1	8010000	8050000	4	0.0
OY751432.1	8160000	8170000	1	0.0
OY751432.1	8340000	8590000	25	0.0
OY751432.1	8600000	8650000	5	0.2692
OY751432.1	8690000	8790000	10	0.2
OY751432.1	8800000	8900000	10	0.2
OY751432.1	9300000	9540000	24	0.2916666666666667
OY751432.1	9550000	9600000	5	0.2
OY751432.1	10100000	10670000	57	0.2631578947368421
OY751432.1	10690000	10700000	1	0.0
OY751432.1	11620000	11900000	28	0.5136785714285714
OY751432.1	12100000	12200000	10	1.8
OY751432.1	13300000	14400000	110	0.05454545454545454
OY751432.1	14600000	15000000	40	0.7
OY751432.1	15800000	15900000	10	0.3
OY751432.1	16100000	16800000	70	0.014285714285714285
OY751432.1	17200000	17900000	70	0.0
OY751432.1	20800000	20900000	10	2.0
OY751432.1	21300000	21400000	10	0.7
OY751432.1	22200000	22300000	10	1.9
OY751432.1	24900000	25100000	20	1.05
OY751432.1	25500000	36400000	1090	0.01743119266055046
OY751432.1	36600000	37500000	90	0.0
OY751432.1	38600000	38790000	19	0.10526315789473684
OY751432.1	39000000	41000000	200	0.045
OY751432.1	41010000	41190000	18	0.0
OY751433.1	10000	200000	19	0.7894736842105263
OY751433.1	1800000	2500000	70	0.014285714285714285
OY751433.1	3000000	3100000	10	1.5
OY751433.1	3600000	3890000	29	0.6896551724137931
OY751433.1	3900000	4000000	10	2.0
OY751433.1	4200000	4300000	10	0.3
OY751433.1	4500000	4700000	20	1.1
OY751433.1	5100000	5140000	4	0.5695
OY751433.1	5150000	5400000	25	0.32
OY751433.1	5800000	6100000	30	0.2
OY751433.1	6200000	6400000	20	0.15
OY751433.1	9300000	9700000	40	0.025
OY751433.1	11500000	11700000	20	0.3
OY751433.1	14000000	14100000	10	1.3
OY751433.1	15100000	15600000	50	0.58
OY751433.1	16500000	16800000	30	1.0666666666666667
OY751433.1	16900000	17000000	10	0.4
OY751433.1	17300000	17330000	3	1.6666666666666667
OY751433.1	17340000	17600000	26	0.038461538461538464
OY751433.1	19200000	19500000	30	0.0
OY751433.1	19800000	19900000	10	2.2
OY751433.1	20400000	20800000	40	0.325
OY751433.1	21200000	21400000	20	0.5
OY751433.1	21700000	21900000	20	0.75
OY751433.1	22900000	23400000	50	0.04
OY751433.1	23500000	24800000	130	0.12307692307692308
OY751433.1	25300000	25500000	20	0.7
OY751433.1	25800000	25900000	10	0.0
OY751433.1	26400000	26500000	10	0.3
OY751433.1	27100000	27270000	17	0.0
OY751433.1	27280000	29160000	188	0.0
OY751434.1	0	300000	30	0.33336666666666664
OY751434.1	3000000	3500000	50	0.02
OY751434.1	3600000	3700000	10	0.5
OY751434.1	3800000	3900000	10	0.4
OY751434.1	5300000	5400000	10	1.3
OY751434.1	6300000	6400000	10	2.0
OY751434.1	7300000	7600000	30	0.0
OY751434.1	8500000	8800000	30	0.7333333333333333
OY751434.1	13700000	13800000	10	1.0
OY751434.1	14000000	14200000	20	1.05
OY751434.1	14400000	14700000	30	0.03333333333333333
OY751434.1	15900000	16500000	60	1.3
OY751434.1	20100000	20200000	10	0.6
OY751434.1	20300000	20400000	10	1.9
OY751434.1	21100000	21700000	60	0.35
OY751434.1	23400000	23600000	20	0.65
OY751434.1	24300000	24500000	20	0.1
OY751434.1	24600000	24700000	10	0.9
OY751434.1	25600000	28110000	251	0.0
OY751435.1	0	9800000	980	0.0010204081632653062
OY751435.1	14800000	14900000	10	1.4
OY751435.1	20000000	20100000	10	0.2
OY751435.1	21400000	21500000	10	0.2
OY751435.1	21600000	21700000	10	0.7
OY751435.1	22900000	23000000	10	2.0
OY751435.1	23600000	23700000	10	0.7
OY751435.1	25200000	25300000	10	0.0
OY751435.1	25900000	26000000	10	0.2
OY751435.1	27100000	27200000	10	0.5
OY751435.1	27900000	27990000	9	0.0
OY751436.1	0	200000	20	0.05
OY751436.1	900000	1000000	10	0.6
OY751436.1	2900000	4200000	130	0.03076923076923077
OY751436.1	4600000	5400000	80	0.0625
OY751436.1	6300000	6500000	20	0.6
OY751436.1	7100000	7300000	20	0.0
OY751436.1	8200000	8500000	30	0.16666666666666666
OY751436.1	9500000	9900000	40	0.025
OY751436.1	10000000	10300000	30	0.06666666666666667
OY751436.1	11500000	12200000	70	0.04285714285714286
OY751436.1	15810000	17200000	139	0.02877697841726619
OY751436.1	18200000	18300000	10	1.0
OY751436.1	18400000	18500000	10	0.0
OY751436.1	19000000	22400000	340	0.008823529411764706
OY751436.1	23700000	23900000	20	0.25
OY751436.1	24000000	24100000	10	0.5
OY751436.1	24500000	24600000	10	0.6
OY751436.1	24900000	25300000	40	0.4
OY751436.1	25900000	26000000	10	1.1
OY751436.1	26300000	26400000	10	0.0
OY751436.1	26800000	26900000	10	0.0
OY751436.1	27500000	27640000	14	1.5714285714285714
OY751438.1	0	1100000	110	0.0
OY751438.1	1800000	2100000	30	0.3333333333333333
OY751438.1	2900000	3000000	10	0.3
OY751438.1	3700000	3800000	10	1.8
OY751438.1	6400000	6500000	10	0.1
OY751438.1	6700000	8100000	140	0.12857142857142856
OY751438.1	8700000	8800000	10	1.3
OY751438.1	9100000	9980000	88	0.11363636363636363
OY751438.1	10000000	10200000	20	0.05
OY751438.1	12300000	12400000	10	0.312
OY751438.1	13500000	14200000	70	0.3142857142857143
OY751438.1	17900000	18100000	20	0.2
OY751438.1	18600000	18700000	10	1.6
OY751438.1	20300000	20400000	10	0.3
OY751438.1	21200000	21300000	10	0.4
OY751438.1	21600000	21900000	30	0.0
OY751438.1	24200000	24300000	10	1.4
OY751438.1	24400000	24420000	2	0.0
OY751439.1	0	200000	20	0.0
OY751439.1	2000000	2600000	60	0.016666666666666666
OY751439.1	3000000	3300000	30	0.6
OY751439.1	3600000	3690000	9	0.0
OY751439.1	3800000	3900000	10	0.0
OY751439.1	4500000	4700000	20	0.15
OY751439.1	5300000	5500000	20	0.95
OY751439.1	5600000	6090000	49	0.10204081632653061
OY751439.1	6150000	6180000	3	0.3333333333333333
OY751439.1	6200000	6220000	2	0.0
OY751439.1	6270000	6360000	9	0.5555555555555556
OY751439.1	6370000	6900000	53	0.20754716981132076
OY751439.1	8200000	8400000	20	0.05
OY751439.1	10700000	10800000	10	0.3
OY751439.1	11300000	11700000	40	0.175
OY751439.1	15800000	16100000	30	0.0
OY751439.1	16800000	17000000	20	0.05
OY751439.1	17400000	17600000	20	1.55
OY751439.1	18300000	18800000	50	0.08
OY751439.1	19000000	19100000	10	1.8
OY751439.1	22300000	22500000	20	0.35
OY751439.1	22600000	22800000	20	0.15
OY751439.1	23100000	23700000	60	0.5
OY751439.1	23900000	23970000	7	0.0
OY751440.1	0	200000	20	0.2
OY751440.1	2000000	2100000	10	0.0
OY751440.1	2600000	2680000	8	0.0
OY751440.1	2690000	2700000	1	0.0
OY751440.1	3100000	3200000	10	2.0
OY751440.1	4200000	4700000	50	0.0
OY751440.1	4800000	5000000	20	0.15
OY751440.1	5200000	6800000	160	0.0
OY751440.1	7800000	7900000	10	0.0
OY751440.1	8100000	8200000	10	0.0
OY751440.1	8300000	8500000	20	0.1
OY751440.1	9500000	9600000	10	0.8
OY751440.1	10900000	11000000	10	1.7
OY751440.1	11300000	11400000	10	0.2
OY751440.1	12500000	12530000	3	2.0
OY751440.1	12550000	12600000	5	1.4454
OY751440.1	12800000	13100000	30	0.1
OY751440.1	13400000	13500000	10	1.0
OY751440.1	14900000	15000000	10	2.2
OY751440.1	15700000	15900000	20	0.75
OY751440.1	16800000	16900000	10	0.9
OY751440.1	18200000	18300000	10	0.0
OY751440.1	18400000	20000000	160	0.0625
OY751440.1	21200000	21400000	20	0.8
OY751440.1	21700000	23250000	155	0.0
OY751441.1	0	1500000	150	0.02666666666666667
OY751441.1	2900000	3000000	10	0.0
OY751441.1	3200000	3400000	20	0.2
OY751441.1	5200000	5500000	30	0.0
OY751441.1	5800000	5900000	10	1.6
OY751441.1	8100000	8200000	10	1.5
OY751441.1	9400000	9500000	10	1.1
OY751441.1	10800000	10900000	10	1.6
OY751441.1	11400000	11700000	30	0.16666666666666666
OY751441.1	13200000	13700000	50	0.16
OY751441.1	13800000	14000000	20	0.45
OY751441.1	16500000	16600000	10	0.0
OY751441.1	16700000	16900000	20	0.7
OY751441.1	17200000	17260000	6	0.3333333333333333
OY751441.1	17270000	17300000	3	0.6666666666666666
OY751441.1	17500000	17700000	20	2.0
OY751441.1	18200000	18300000	10	0.2
OY751441.1	19100000	19300000	20	0.25
OY751441.1	22000000	22200000	20	0.1
OY751442.1	0	100000	10	0.0
OY751442.1	1100000	1500000	40	0.35
OY751442.1	2500000	2600000	10	0.6
OY751442.1	4400000	4500000	10	0.4
OY751442.1	6100000	6300000	20	0.7
OY751442.1	6900000	7000000	10	0.2
OY751442.1	7600000	7900000	30	0.0
OY751442.1	8600000	9000000	40	0.05
OY751442.1	10300000	10400000	10	2.2
OY751442.1	12000000	12100000	10	0.2
OY751442.1	12900000	13200000	30	0.7
OY751442.1	14100000	14400000	30	0.5333333333333333
OY751442.1	14500000	14600000	10	0.1
OY751442.1	15400000	15500000	10	0.2
OY751442.1	16100000	16500000	40	0.125
OY751442.1	17300000	17400000	10	0.8
OY751442.1	18200000	18300000	10	2.0
OY751442.1	18400000	18500000	10	0.0
OY751442.1	18700000	18800000	10	0.9001
OY751442.1	19900000	20100000	20	0.05
OY751442.1	21100000	21190000	9	1.306
OY751443.1	0	100000	10	0.0
OY751443.1	400000	500000	10	1.7
OY751443.1	2800000	3000000	20	0.3
OY751443.1	3500000	3900000	40	0.3
OY751443.1	4400000	5400000	100	0.05
OY751443.1	6600000	6700000	10	2.3
OY751443.1	7900000	8700000	80	0.0
OY751443.1	8800000	8900000	10	0.8
OY751443.1	9500000	9600000	10	0.8
OY751443.1	10500000	10600000	10	0.0
OY751443.1	11100000	11200000	10	1.6
OY751443.1	11500000	11600000	10	0.7
OY751443.1	12100000	12300000	20	0.9
OY751443.1	12500000	12900000	40	0.625
OY751443.1	13200000	13700000	50	0.12
OY751443.1	14400000	14500000	10	0.4
OY751443.1	15000000	15400000	40	0.3
OY751443.1	16000000	16500000	50	0.22614
OY751443.1	18300000	18400000	10	0.4
OY751443.1	19300000	19400000	10	2.3
OY751443.1	20600000	20880000	28	0.10714285714285714
OY751444.1	0	40000	4	0.0
OY751444.1	80000	100000	2	0.0
OY751444.1	150000	180000	3	0.0
OY751444.1	210000	230000	2	0.0
OY751444.1	270000	300000	3	0.0
OY751444.1	330000	3100000	277	0.0036101083032490976
OY751444.1	5100000	5200000	10	1.3
OY751444.1	6400000	6500000	10	1.3
OY751444.1	6700000	6800000	10	0.0
OY751444.1	7500000	7600000	10	1.2
OY751444.1	8000000	8100000	10	2.0
OY751444.1	8200000	8630000	43	0.16279069767441862
OY751444.1	8640000	8700000	6	0.0
OY751444.1	10700000	10900000	20	0.55
OY751444.1	11500000	11600000	10	0.1
OY751444.1	12400000	12700000	30	0.8333333333333334
OY751444.1	13800000	14200000	40	0.0
OY751444.1	14600000	14700000	10	0.4
OY751444.1	18400000	18500000	10	2.3141
OY751444.1	19100000	19200000	10	2.0
OY751444.1	20200000	20530000	33	0.0
OY751445.1	0	500000	50	0.22
OY751445.1	2200000	2300000	10	0.6
OY751445.1	4100000	8700000	460	0.0
OY751445.1	9000000	9100000	10	0.4
OY751445.1	10100000	10200000	10	0.1
OY751445.1	10300000	12100000	180	0.18333333333333332
OY751445.1	14500000	15000000	50	0.12
OY751445.1	16600000	16900000	30	0.0
OY751445.1	17800000	18000000	20	0.6
OY751445.1	18900000	19000000	10	0.0
OY751445.1	19100000	19300000	20	0.3
OY751446.1	0	300000	30	0.03333333333333333
OY751446.1	3400000	3600000	20	0.15
OY751446.1	3700000	3800000	10	0.2
OY751446.1	3900000	4000000	10	0.0
OY751446.1	7700000	8000000	30	0.9666666666666667
OY751446.1	8300000	8500000	20	0.85
OY751446.1	8900000	9600000	70	0.0
OY751446.1	13900000	14100000	20	0.1
OY751446.1	15400000	18500000	310	0.0064516129032258064
OY751446.1	18700000	19000000	30	0.23333333333333334
OY751446.1	19100000	19270000	17	0.058823529411764705
OY751447.1	0	700000	70	0.44285714285714284
OY751447.1	1400000	2200000	80	0.275
OY751447.1	2600000	3000000	40	0.0
OY751447.1	3100000	3500000	40	0.3
OY751447.1	5100000	5300000	20	0.0
OY751447.1	5600000	6200000	60	0.03333333333333333
OY751447.1	6900000	7500000	60	0.21666666666666667
OY751447.1	7700000	7800000	10	0.6
OY751447.1	8000000	8100000	10	1.9
OY751447.1	8900000	9200000	30	0.26666666666666666
OY751447.1	9400000	9600000	20	0.9
OY751447.1	12300000	12700000	40	0.125
OY751447.1	13100000	13400000	30	0.26666666666666666
OY751447.1	14000000	14100000	10	0.0
OY751447.1	15900000	16000000	10	1.2
OY751447.1	18000000	18100000	10	0.0
OY751447.1	18500000	18800000	30	0.06666666666666667
OY751447.1	19200000	19220000	2	0.0
OY751448.1	0	700000	70	0.02857142857142857
OY751448.1	1000000	1200000	20	0.0
OY751448.1	1900000	2100000	20	1.35
OY751448.1	2700000	3000000	30	0.0
OY751448.1	3400000	4700000	130	0.0
OY751448.1	8300000	8990000	69	0.028985507246376812
OY751448.1	10200000	10600000	40	0.375
OY751448.1	11300000	11400000	10	0.2
OY751448.1	11900000	12200000	30	0.43333333333333335
OY751448.1	12600000	12800000	20	1.05
OY751448.1	12900000	13000000	10	1.2
OY751448.1	14700000	14900000	20	0.1
OY751448.1	15200000	15400000	20	0.25
OY751448.1	15600000	16000000	40	0.85
OY751448.1	16600000	16900000	30	0.03333333333333333
OY751448.1	17200000	17300000	10	0.3
OY751448.1	17700000	17800000	10	1.7
OY751448.1	18000000	18630000	63	0.0
OY751449.1	0	1000000	100	0.0
OY751449.1	2500000	2700000	20	1.85
OY751449.1	3600000	3800000	20	0.35
OY751449.1	4100000	4200000	10	0.7
OY751449.1	4300000	4400000	10	0.1
OY751449.1	6700000	6900000	20	0.0
OY751449.1	8300000	8400000	10	1.1
OY751449.1	10900000	11000000	10	0.4
OY751449.1	11100000	11200000	10	2.3
OY751449.1	13300000	13700000	40	0.375
OY751449.1	15100000	15400000	30	1.2666666666666666
OY751449.1	17500000	17600000	10	0.2
OY751449.1	18000000	18340000	34	0.058823529411764705
OY751450.1	0	200000	20	0.95
OY751450.1	600000	900000	30	0.23333333333333334
OY751450.1	1100000	4300000	320	0.009375
OY751450.1	5000000	5100000	10	1.8
OY751450.1	5400000	5500000	10	0.1
OY751450.1	6100000	6580000	48	0.020833333333333332
OY751450.1	6590000	6800000	21	0.0
OY751450.1	7700000	7800000	10	1.2
OY751450.1	8200000	8800000	60	0.26666666666666666
OY751450.1	9600000	9800000	20	0.8
OY751450.1	10700000	10800000	10	0.0
OY751450.1	11900000	11930000	3	0.472
OY751450.1	15500000	15600000	10	0.2
OY751450.1	15900000	15990000	9	0.3333333333333333
OY751450.1	17800000	17930000	13	0.0
OY751451.1	0	100000	10	0.0
OY751451.1	1400000	1500000	10	0.7
OY751451.1	3100000	3200000	10	2.1
OY751451.1	4000000	4100000	10	1.6
OY751451.1	5200000	5500000	30	0.06666666666666667
OY751451.1	7500000	7600000	10	1.1
OY751451.1	8100000	8200000	10	0.1
OY751451.1	11000000	11200000	20	0.65
OY751451.1	12600000	12700000	10	0.1
OY751451.1	12800000	12900000	10	0.5
OY751451.1	13700000	13900000	20	0.45
OY751452.1	0	9770000	977	0.0020470829068577278
OY751452.1	9810000	9900000	9	2.2222222222222223
OY751452.1	10200000	10700000	50	0.02
OY751452.1	11100000	11200000	10	0.5
OY751452.1	13400000	14700000	130	0.17723846153846154
OY751452.1	15100000	15400000	30	0.2
OY751452.1	15500000	15930000	43	0.023255813953488372
OY751453.1	0	30000	3	0.0
OY751453.1	210000	300000	9	0.7777777777777778
OY751453.1	1600000	2000000	40	0.125
OY751453.1	2100000	2510000	41	0.43902439024390244
OY751453.1	2520000	2800000	28	0.10714285714285714
OY751453.1	5000000	5100000	10	0.0
OY751453.1	5300000	5500000	20	0.0
OY751453.1	7700000	8000000	30	0.7333333333333333
OY751453.1	8200000	8300000	10	1.7
OY751453.1	8800000	9470000	67	0.16962686567164179
OY751453.1	9700000	9900000	20	0.15
OY751453.1	10000000	10900000	90	0.044444444444444446
